# Age (1.0e+03yr)	Probability
6.16	4.38599346983697e-05
6.165	5.106208784723279e-05
6.17	5.4980028236417353e-05
6.175	5.700170199055821e-05
6.18	5.6926442123405164e-05
6.185	5.631986546944992e-05
6.19	5.59902792828727e-05
6.195	5.440046621888113e-05
6.2	5.26940490665754e-05
6.205	5.068608200754523e-05
6.21	4.801865802515178e-05
6.215	4.432040086520719e-05
6.22	4.142300420363238e-05
6.225	3.8859228958159054e-05
6.23	3.7238408910282836e-05
6.235	3.7139771336963415e-05
6.24	3.771836685800084e-05
6.245	4.0643809904702945e-05
6.25	4.522900657954762e-05
6.255	4.850891951530473e-05
6.26	5.442787862330542e-05
6.265	6.066160144996969e-05
6.27	6.646266018093158e-05
6.275	7.11663732178636e-05
6.28	7.604759841230415e-05
6.285	7.617155947466111e-05
6.29	7.673983997546704e-05
6.295	7.437265299136278e-05
6.3	7.512884520432399e-05
6.305	7.45238519948343e-05
6.31	7.535020337006177e-05
6.315	7.773384242530746e-05
6.32	8.216624883252315e-05
6.325	8.608473977520973e-05
6.33	9.154094748985156e-05
6.335	9.608742917136482e-05
6.34	9.87562448124862e-05
6.345	0.00010076816623332441
6.35	0.0001069013389606917
6.355	0.0001086776074539293
6.36	0.00011803640413218352
6.365	0.000124607126240499
6.37	0.00013787292715912813
6.375	0.00015067236241680026
6.38	0.00016138158614823636
6.385	0.00017144170236649216
6.39	0.00017750792458433225
6.395	0.00017831385739832824
6.4	0.000175760580453781
6.405	0.000170759579895412
6.41	0.0001648664801955167
6.415	0.00015800012420457153
6.42	0.0001565132485934284
6.425	0.00015298614255306392
6.43	0.00015418142645569455
6.435	0.00015156904322238734
6.44	0.00014957598667885796
6.445	0.00014854393576872754
6.45	0.00014437322339411207
6.455	0.00014041459149608147
6.46	0.00014293525275220392
6.465	0.00015155436322609304
6.47	0.0001623054829120012
6.475	0.00018144140345494267
6.48	0.00020404132132283227
6.485	0.0002244543986054404
6.49	0.00023921876562214172
6.495	0.00024791396970773495
6.5	0.00025005620307815745
6.505	0.00024743252438069085
6.51	0.00024273622751808246
6.515	0.00024141902782848435
6.52	0.00024397408107664504
6.525	0.0002559957647200322
6.53	0.00027009070952997683
6.535	0.0002879703749059073
6.54	0.0002971369886223422
6.545	0.00030836650338519135
6.55	0.00031116012691547644
6.555	0.00030848649267449936
6.56	0.0003021296662769616
6.565	0.00030433355032942483
6.57	0.0003079821764274706
6.575	0.000322957718729164
6.58	0.00034490238909686417
6.585	0.0003716086514341157
6.59	0.0003950473765664675
6.595	0.0004215905704761501
6.6	0.0004375016153521763
6.605	0.0004437761594039272
6.61	0.00044341544893341356
6.615	0.00044418286374891343
6.62	0.0004455144302422251
6.625	0.0004487820646342142
6.63	0.00045635213496195593
6.635	0.0004752441407137709
6.64	0.000497361478737027
6.645	0.0005259044366684659
6.65	0.0005536868573991532
6.655	0.0005849147617125971
6.66	0.000610154400979776
6.665	0.0006355276894404842
6.67	0.000660009838566614
6.675	0.0006799186302850164
6.68	0.0006967254267230471
6.685	0.0007152332530719784
6.69	0.0007376312252743682
6.695	0.0007575231977451207
6.7	0.0007812507550918252
6.705	0.0008175597025247871
6.71	0.0008451769391701726
6.715	0.0008788563007265425
6.72	0.0009063915554057487
6.725	0.0009400552928838004
6.73	0.0009679387447827537
6.735	0.000984522407182589
6.74	0.000997929193460332
6.745	0.001007648250750263
6.75	0.0010094218710820825
6.755	0.0010078448226956136
6.76	0.001002699258657337
6.765	0.0010016144232706736
6.77	0.0009950243465437175
6.775	0.0010089363953730036
6.78	0.0010254644440730026
6.785	0.0010545835560242314
6.79	0.0010910516866646175
6.795	0.0011321825891553092
6.8	0.0011800236557962848
6.805	0.0012262315189612422
6.81	0.001278585980337309
6.815	0.0013256607929711117
6.82	0.0013739752411393317
6.825	0.0014319584922599803
6.83	0.0014864820048515605
6.835	0.0015506624612099474
6.84	0.0016071366347581706
6.845	0.0016590031553794789
6.85	0.0017021666977752499
6.855	0.0017459396829725782
6.86	0.0017883917910315543
6.865	0.0018399316366268426
6.87	0.0018970649188110795
6.875	0.0019588096614928164
6.88	0.0020487655950724277
6.885	0.0021472297366658846
6.89	0.0022513246531481487
6.895	0.002360404368827659
6.9	0.0024499636904222874
6.905	0.002532032721577055
6.91	0.0026173586247238696
6.915	0.002685483808213891
6.92	0.002731385591979667
6.925	0.0027835681545277007
6.93	0.002821704089970085
6.935	0.002875204568233132
6.94	0.0029236617429689604
6.945	0.002982380915569474
6.95	0.0030440710713995323
6.955	0.0031165737429789974
6.96	0.0031987593151043443
6.965	0.003292997823838239
6.97	0.003401708136206144
6.975	0.0034913446682832833
6.98	0.0035997775424892694
6.985	0.003713821634350151
6.99	0.003811413107908161
6.995	0.003907414238132413
7.0	0.003998440504208807
7.005	0.004098076292874953
7.01	0.004174490901141425
7.015	0.004260422290308242
7.02	0.004339347929051102
7.025	0.004422313930180901
7.03	0.004523364248690045
7.035	0.004628129784999644
7.04	0.004756394295431744
7.045	0.0049122364389902196
7.05	0.005073279368030764
7.055	0.005229187465541301
7.06	0.005384218473806524
7.065	0.005515060352880561
7.07	0.005630368626353946
7.075	0.005726379888321817
7.08	0.005816004297397402
7.085	0.005908190377975292
7.09	0.006004007810991064
7.095	0.006113089434744196
7.1	0.0062341355765723055
7.105	0.006362992042442218
7.11	0.006479308351010453
7.115	0.006622954654680993
7.12	0.006782683690471189
7.125	0.0069565437918809305
7.13	0.007138329078064426
7.135	0.007354323660069813
7.14	0.0076167177882339974
7.145	0.007863403772572145
7.15	0.008138148517140566
7.155	0.00839233098449146
7.16	0.008629840130900577
7.165	0.008822976603877868
7.17	0.008993805239058017
7.175	0.009120780228442678
7.18	0.009229865580818584
7.185	0.009336226726018235
7.19	0.009448503472228522
7.195	0.009592981601440433
7.2	0.009771309852008405
7.205	0.009960264003378684
7.21	0.010209478591811387
7.215	0.010431598344174897
7.22	0.010655816213031206
7.225	0.01084741173459445
7.23	0.011037570344781355
7.235	0.011216470461390179
7.24	0.011399996773701173
7.245	0.011590674345683023
7.25	0.011860435644565848
7.255	0.01218884961538051
7.26	0.012587329663512802
7.265	0.013004624467444083
7.27	0.013450841996820466
7.275	0.013861197735234844
7.28	0.014273707977717593
7.285	0.01464462880510104
7.29	0.014997568477169753
7.295	0.01534278172563492
7.3	0.015657432294581643
7.305	0.016033238317127534
7.31	0.016402511204448477
7.315	0.016774971006300102
7.32	0.01717442133608401
7.325	0.017576270059998057
7.33	0.017964606777644467
7.335	0.018353863546350692
7.34	0.018757312048074824
7.345	0.01913331243986389
7.35	0.019514901623231485
7.355	0.019827120488888284
7.36	0.02015665994512249
7.365	0.020453654662214348
7.37	0.02072880455701404
7.375	0.021047406864321078
7.38	0.021337645175354837
7.385	0.021669781134474535
7.39	0.02208605294362597
7.395	0.022574864565662208
7.4	0.023105603437051325
7.405	0.023675131815832896
7.41	0.0242691159028612
7.415	0.024826751220867034
7.42	0.025377135330513362
7.425	0.025788694741547706
7.43	0.026242593042409623
7.435	0.026585615192593417
7.44	0.02698989070370896
7.445	0.027422235928297675
7.45	0.02787102550885642
7.455	0.028397655765419506
7.46	0.02899079065145136
7.465	0.029647602856506507
7.47	0.030310958110184104
7.475	0.031015859089479555
7.48	0.031720031019225936
7.485	0.032488153496674714
7.49	0.03330834994102325
7.495	0.03417422288557095
7.5	0.035138045761152856
7.505	0.0360605686175139
7.51	0.03700528589815703
7.515	0.03791087205569283
7.52	0.03871277692530279
7.525	0.03941709692535734
7.53	0.03999026634724176
7.535	0.04054354409897115
7.54	0.04110507761104622
7.545	0.041751015115258396
7.55	0.04242530984052432
7.555	0.043238488724897724
7.56	0.044025006893807304
7.565	0.04489316710048236
7.57	0.04572398268911278
7.575	0.04648696673256935
7.58	0.04722929400804841
7.585	0.04790640510194537
7.59	0.048514507942429445
7.595	0.04918049323859596
7.6	0.0498234353079557
7.605	0.05051753132543134
7.61	0.05125719584067931
7.615	0.05209721006954252
7.62	0.052979685420018276
7.625	0.053998951895728925
7.63	0.055060570913035574
7.635	0.05622428064256749
7.64	0.057483190021033546
7.645	0.05867981404076759
7.65	0.059884957668061595
7.655	0.061124915686133874
7.66	0.06222225197708885
7.665	0.0632696321010911
7.67	0.06419263495157537
7.675	0.06504896159184824
7.68	0.06587031204842184
7.685	0.06673882866853398
7.69	0.0676690263272653
7.695	0.06867843586978271
7.7	0.06975849536781195
7.705	0.0708665320470934
7.71	0.07207561724421842
7.715	0.07331508006938137
7.72	0.07447394536422573
7.725	0.07567113478859759
7.73	0.07699840264886816
7.735	0.07834069252285682
7.74	0.07983779071704576
7.745	0.08141696677277835
7.75	0.08304223878861516
7.755	0.0846000139512562
7.76	0.08614222522561281
7.765	0.08751462252503171
7.77	0.08886720855191578
7.775	0.09009895387733297
7.78	0.09128148475854635
7.785	0.09251287594339595
7.79	0.09379967071306816
7.795	0.09514262051484615
7.8	0.0965815321435618
7.805	0.09803387567540976
7.81	0.09947062104014928
7.815	0.10097581253633207
7.82	0.1025447540565927
7.825	0.10411183253195792
7.83	0.105806021284119
7.835	0.10744522463653611
7.84	0.10920450381458469
7.845	0.11102843115751328
7.85	0.11277898881876088
7.855	0.11442110205983261
7.86	0.11596065801555054
7.865	0.11747692971512766
7.87	0.1189089404303032
7.875	0.1204496513852779
7.88	0.12208693469109963
7.885	0.1238207812575949
7.89	0.12574029882447646
7.895	0.12785242113835435
7.9	0.12997694258326806
7.905	0.13206099500157953
7.91	0.13399294055709426
7.915	0.1357852659203483
7.92	0.13752379928097166
7.925	0.13922667429634256
7.93	0.14106221794382906
7.935	0.14290021873526884
7.94	0.14486463666161856
7.945	0.14686589170377198
7.95	0.14895441236556903
7.955	0.1508903400741705
7.96	0.15263241076844478
7.965	0.15433025218189525
7.97	0.15592495146326046
7.975	0.15748840911569442
7.98	0.15927321054413027
7.985	0.16110895110203324
7.99	0.16325247668768195
7.995	0.16555567402914856
8.0	0.16808967245224485
8.005	0.17060189814132048
8.01	0.17305976605441148
8.015	0.17547315662895488
8.02	0.17766355090224228
8.025	0.17970715011917157
8.03	0.18163194345690925
8.035	0.1835805541321084
8.04	0.18552845185784309
8.045	0.18747016166683397
8.05	0.18954139273162915
8.055	0.19167459077534812
8.06	0.19378335936860377
8.065	0.19583063472640905
8.07	0.1980113575031802
8.075	0.2001574445145336
8.08	0.20237931431540337
8.085	0.20487382119020153
8.09	0.20743585705664488
8.095	0.21018553137790655
8.1	0.21304967469312053
8.105	0.21598369919208693
8.11	0.2188055730640397
8.115	0.22160548555105367
8.12	0.22423780028013496
8.125	0.2269148523587167
8.13	0.22940030519994614
8.135	0.2318488823159858
8.14	0.23434467762586242
8.145	0.23695869864427369
8.15	0.2394470721525513
8.155	0.24202286515062976
8.16	0.2443839658386062
8.165	0.24682762662123994
8.17	0.2492041680760767
8.175	0.25146750463788997
8.18	0.2535789331445741
8.185	0.25584763405960964
8.19	0.25820888446719853
8.195	0.26085170038740185
8.2	0.26351138353662024
8.205	0.2665303895828499
8.21	0.2696491231962262
8.215	0.2728730357318435
8.22	0.27606991193701413
8.225	0.27925236066931197
8.23	0.28227329460352213
8.235	0.28528163692052133
8.24	0.2882031199602976
8.245	0.2909613028282359
8.25	0.29356662569471126
8.255	0.29637196907827423
8.26	0.29920303944153886
8.265	0.3021345423079293
8.27	0.3051322045624673
8.275	0.30828095609066286
8.28	0.3117420212103913
8.285	0.31517422916202875
8.29	0.3184915992984128
8.295	0.3215325506051706
8.3	0.32450924934302405
8.305	0.3272918787688783
8.31	0.3298489916873477
8.315	0.332340258487895
8.32	0.3346293321050238
8.325	0.33705228772780044
8.33	0.33966909597106526
8.335	0.34239296490591187
8.34	0.34538205686696294
8.345	0.3484584842402962
8.35	0.35177758484225763
8.355	0.3553687828345754
8.36	0.3587490810339771
8.365	0.36183965914754257
8.37	0.3647701425584809
8.375	0.36732563074032987
8.38	0.3696209764495433
8.385	0.37175403157857245
8.39	0.373736687820093
8.395	0.37600485927616323
8.4	0.37855951711277175
8.405	0.38137263620801964
8.41	0.38473333937448917
8.415	0.38804822168406417
8.42	0.39144706510597826
8.425	0.3949343522255564
8.43	0.3981787457113902
8.435	0.40132584882978195
8.44	0.4045066253633081
8.445	0.4073582215694221
8.45	0.4104765898511408
8.455	0.4137557424163009
8.46	0.41691075618663204
8.465	0.4202171632981284
8.47	0.423338838136838
8.475	0.42625910021604285
8.48	0.4291383891692806
8.485	0.4318303520927191
8.49	0.43453154238953
8.495	0.4372577543663279
8.5	0.43987734041611065
8.505	0.44262129659150157
8.51	0.4455330174336649
8.515	0.44831754197546964
8.52	0.4508824577526308
8.525	0.45363640421790596
8.53	0.45615787961246135
8.535	0.45869929426089834
8.54	0.46109328699830665
8.545	0.46360919247383003
8.55	0.4660663067856442
8.555	0.46846477023634475
8.56	0.4708809078417823
8.565	0.4734128864019775
8.57	0.47591165674315156
8.575	0.47853211599032874
8.58	0.4813187141748954
8.585	0.4843234822558648
8.59	0.4872459056613263
8.595	0.49056848312797424
8.6	0.49411343688011966
8.605	0.49785474788127093
8.61	0.5014830929332785
8.615	0.5049948007260917
8.62	0.5082784821324053
8.625	0.511037093327945
8.63	0.513216121076568
8.635	0.5149803171307291
8.64	0.5165267780430045
8.645	0.5180247938212604
8.65	0.5198049895775638
8.655	0.5218892593323589
8.66	0.5243386529847166
8.665	0.5270958309357865
8.67	0.5297492643269249
8.675	0.5325249521175156
8.68	0.535079125957697
8.685	0.5374777887425853
8.69	0.5397845797555821
8.695	0.5419540844589752
8.7	0.5439816718252691
8.705	0.5460980050821009
8.71	0.5482915988501278
8.715	0.5505175868843948
8.72	0.5528112728283112
8.725	0.555045015052838
8.73	0.5572475557388274
8.735	0.5595992208575096
8.74	0.5618292694383813
8.745	0.5637400072746119
8.75	0.5655494628089928
8.755	0.5678352624197148
8.76	0.5701699251067174
8.765	0.5727292031392198
8.77	0.5756176811994514
8.775	0.5788411268290488
8.78	0.5820961480752671
8.785	0.5851772095910326
8.79	0.5882286733576049
8.795	0.5910139108563816
8.8	0.5933979111773133
8.805	0.595518202095137
8.81	0.5978229778341846
8.815	0.5996251944587134
8.82	0.6009578280676742
8.825	0.6024299396611017
8.83	0.6036159820195114
8.835	0.6045947496855797
8.84	0.6054796165681771
8.845	0.6065347504192348
8.85	0.6076365952251148
8.855	0.608623486030341
8.86	0.609606164028244
8.865	0.6108200863825586
8.87	0.6118717778481271
8.875	0.6125684879908078
8.88	0.6136151770425573
8.885	0.6144993570892846
8.89	0.6152963731614649
8.895	0.616312488503507
8.9	0.6174283455888352
8.905	0.6186512870345022
8.91	0.6196240400867002
8.915	0.620475147426231
8.92	0.6214581164861167
8.925	0.6224423113302167
8.93	0.6235201830631295
8.935	0.6246407031809476
8.94	0.6261757085629334
8.945	0.6280293178564107
8.95	0.6303524913601084
8.955	0.6328766935549592
8.96	0.6352485750174736
8.965	0.6372702937774511
8.97	0.6389960618479813
8.975	0.6400609444106764
8.98	0.640685239490104
8.985	0.6408657354805513
8.99	0.6409264153132175
8.995	0.6406475673372501
9.0	0.6404257039345267
9.005	0.6400489929073202
9.01	0.6394541046297789
9.015	0.6390777671343104
9.02	0.6384307225262251
9.025	0.6378502783578684
9.03	0.6374831600126541
9.035	0.6372557282635236
9.04	0.6377477523009404
9.045	0.6384288077768903
9.05	0.6391151061691062
9.055	0.6398368513889153
9.06	0.6406322663269323
9.065	0.6411211123205073
9.07	0.641585933134133
9.075	0.6418211221702598
9.08	0.6418294233399543
9.085	0.6420761794180825
9.09	0.6419481839347666
9.095	0.6416974843280017
9.1	0.6415049477778554
9.105	0.6406700710519337
9.11	0.6395135256773133
9.115	0.6382456635731006
9.12	0.6371256210485903
9.125	0.6358212028071527
9.13	0.6351385650588072
9.135	0.6343367021500312
9.14	0.6337966678659492
9.145	0.6332961407790643
9.15	0.6326591427298598
9.155	0.6323134686619999
9.16	0.6317869916463941
9.165	0.631119408724552
9.17	0.6309642929265007
9.175	0.6310211030059707
9.18	0.6310598301506561
9.185	0.630837094749259
9.19	0.6305732912002195
9.195	0.6297484259262968
9.2	0.6285890155103234
9.205	0.6271279311257826
9.21	0.6252108231852253
9.215	0.6232776322104866
9.22	0.6213862347747698
9.225	0.6198336555851399
9.23	0.6186478257243686
9.235	0.6172621916599265
9.24	0.6160929170685561
9.245	0.6148909377878627
9.25	0.6136027898125822
9.255	0.6120520951222964
9.26	0.6103105568733557
9.265	0.608716050837388
9.27	0.6071408179977514
9.275	0.6060834815093623
9.28	0.605096375404001
9.285	0.6042785970230508
9.29	0.603394884503823
9.295	0.6020789447903793
9.3	0.6003849484948913
9.305	0.5979730933836891
9.31	0.5950190513615109
9.315	0.5915848485833224
9.32	0.5878250134355923
9.325	0.5841572505923304
9.33	0.5808955106108873
9.335	0.5780611452161046
9.34	0.5755426070621147
9.345	0.5736865112768591
9.35	0.5719102083339923
9.355	0.5707602081681175
9.36	0.5695753108246274
9.365	0.5680755037717329
9.37	0.5662207806389017
9.375	0.564025871128038
9.38	0.5616198201875174
9.385	0.5591680624271723
9.39	0.5564404354966171
9.395	0.5536933243917728
9.4	0.5511045370197114
9.405	0.5490177880814948
9.41	0.5466960014694361
9.415	0.5444290608810636
9.42	0.5418015458567307
9.425	0.5392027844973549
9.43	0.5364276314630668
9.435	0.5334961270872707
9.44	0.5304451239681487
9.445	0.5272329674312549
9.45	0.5241806443332504
9.455	0.5214437772464923
9.46	0.5188326578266281
9.465	0.5165081076635434
9.47	0.5141753028951
9.475	0.5123524431879856
9.48	0.5105494397074768
9.485	0.5083649301682258
9.49	0.5061176244834824
9.495	0.5036001028454763
9.5	0.5006322674201723
9.505	0.4974372016685304
9.51	0.4942187523050378
9.515	0.4908607002088459
9.52	0.487286520169739
9.525	0.48392175182764746
9.53	0.48053093962848553
9.535	0.4770439916665863
9.54	0.4735152962238505
9.545	0.4701891735919484
9.55	0.4669144812390867
9.555	0.46379277755966586
9.56	0.46096456843625166
9.565	0.4584801546922926
9.57	0.45592454521351866
9.575	0.4534900740018854
9.58	0.4507509024279322
9.585	0.44780421561765366
9.59	0.44436331246093463
9.595	0.4406747827203354
9.6	0.43676822537255655
9.605	0.4328544443640941
9.61	0.42906595264387837
9.615	0.42570184893536667
9.62	0.42255852912504765
9.625	0.4195588224049266
9.63	0.41669738104015674
9.635	0.4140951900351883
9.64	0.41096218817136176
9.645	0.4079295110367977
9.65	0.40466062631683397
9.655	0.4013019424384793
9.66	0.3977619217094611
9.665	0.3942711861457878
9.67	0.39060599210013686
9.675	0.38690982182434
9.68	0.38322784481238853
9.685	0.3794402314900372
9.69	0.3760178910325124
9.695	0.3726088740743227
9.7	0.3692937383671023
9.705	0.36623972027989454
9.71	0.36316474902790224
9.715	0.3599601692246865
9.72	0.35655163435418524
9.725	0.35293033286547315
9.73	0.3490477733969428
9.735	0.3451613824448379
9.74	0.3413066473505996
9.745	0.33782443553134184
9.75	0.3347577028917474
9.755	0.3319558515414176
9.76	0.3296092487864286
9.765	0.3273889846094332
9.77	0.3251101425484857
9.775	0.3223760693899008
9.78	0.31935935292762524
9.785	0.31574715706989354
9.79	0.31189176408740715
9.795	0.30773128010243345
9.8	0.3033979407855953
9.805	0.2993518291304866
9.81	0.2955391414369266
9.815	0.2921168391135431
9.82	0.288878368305795
9.825	0.28592509366823937
9.83	0.2832251621680448
9.835	0.28056310980050353
9.84	0.2780749169953903
9.845	0.2755678388945454
9.85	0.273098806243823
9.855	0.27059368537367073
9.86	0.26807598059572496
9.865	0.2654726787940458
9.87	0.2627102975506319
9.875	0.2600127818961376
9.88	0.2570806804151645
9.885	0.2540810669491316
9.89	0.2509491023838603
9.895	0.24789946485562106
9.9	0.24493319297892086
9.905	0.24185702573867446
9.91	0.23874685772652138
9.915	0.23558127911518828
9.92	0.23242639247277422
9.925	0.22919861568954258
9.93	0.2259419714892366
9.935	0.22258885590253547
9.94	0.21921734425970305
9.945	0.21599979114446027
9.95	0.21290654925030184
9.955	0.20996116208489338
9.96	0.20704520431853227
9.965	0.204230579516639
9.97	0.20146312221768384
9.975	0.1988336083951181
9.98	0.1963630545277551
9.985	0.19388353674493222
9.99	0.19159996763572223
9.995	0.18935847183881127
10.0	0.18722237493384533
10.005	0.18509716931892628
10.01	0.18298197259701346
10.015	0.18069153015717912
10.02	0.17811967309185847
10.025	0.175445147935446
10.03	0.1726487922032448
10.035	0.16974226422815877
10.04	0.1666357913971401
10.045	0.1636587717760921
10.05	0.16075922392212474
10.055	0.15797843673870765
10.06	0.15526875478183866
10.065	0.15270454117282317
10.07	0.1500815019516564
10.075	0.14763773912293493
10.08	0.14517486628257495
10.085	0.14293489984352245
10.09	0.1407892808604061
10.095	0.13874171236016639
10.1	0.1369882904033165
10.105	0.13536418636270456
10.11	0.13365258476554873
10.115	0.13204885532678753
10.12	0.1303196018013229
10.125	0.1284342137229106
10.13	0.12642815837074256
10.135	0.12439905952901806
10.14	0.12218028995822057
10.145	0.12013115804495718
10.15	0.11808424840386184
10.155	0.11616988711376683
10.16	0.11424976833424326
10.165	0.11236470292421603
10.17	0.11045229238369288
10.175	0.10860346441348288
10.18	0.10666642297727201
10.185	0.10473575973272657
10.19	0.10296030153943896
10.195	0.10112008751111778
10.2	0.09953867712358078
10.205	0.09802799720804838
10.21	0.09661247172205747
10.215	0.09523375828312233
10.22	0.09390808614975862
10.225	0.09259022103740294
10.23	0.09105843080984084
10.235	0.08955854699263642
10.24	0.087853253868752
10.245	0.08613315551433108
10.25	0.08440347613739137
10.255	0.08267087435810706
10.26	0.08110629824149868
10.265	0.07948138331776539
10.27	0.07808708732704131
10.275	0.07676700651002373
10.28	0.07547214600676179
10.285	0.07417981500258793
10.29	0.0728483035597463
10.295	0.07154870247763172
10.3	0.07017149423505889
10.305	0.0688030118236733
10.31	0.06738716354928412
10.315	0.0659920746693979
10.32	0.06456307904010913
10.325	0.06317029001100738
10.33	0.061822878578185955
10.335	0.060381212791101105
10.34	0.05898110066546795
10.345	0.05767120134799911
10.35	0.05629574552612182
10.355	0.05500938746532459
10.36	0.053791067279900004
10.365	0.05266752265520203
10.37	0.05167723383567979
10.375	0.05068595656802165
10.38	0.04977016383098599
10.385	0.04884980212853378
10.39	0.04791908720080664
10.395	0.04699653474168173
10.4	0.0459849968053083
10.405	0.044895005097105534
10.41	0.043825577662897776
10.415	0.04278819662611847
10.42	0.0417560195954748
10.425	0.040704780624249745
10.43	0.039721698692540705
10.435	0.0387059495168131
10.44	0.03782459061286645
10.445	0.036913013486179994
10.45	0.03608178448989601
10.455	0.03528955420201844
10.46	0.03451277777947518
10.465	0.03383498818212093
10.47	0.03321391499132529
10.475	0.032564360008388464
10.48	0.031961103837732784
10.485	0.031326407300923856
10.49	0.03075310155003689
10.495	0.030120212814577094
10.5	0.029492605308026595
10.505	0.028837568097038548
10.51	0.028211572192449012
10.515	0.027548169969954777
10.52	0.026935079223500677
10.525	0.026313334490020667
10.53	0.02571376574165807
10.535	0.02508522743941515
10.54	0.024468731734200087
10.545	0.02384305866544716
10.55	0.023269421717654
10.555	0.022673625458986192
10.56	0.022166235756918076
10.565	0.021681498385321123
10.57	0.02121878542200781
10.575	0.020774776428180153
10.58	0.020356073268936
10.585	0.019879908947606155
10.59	0.01941553996111004
10.595	0.01891931445343673
10.6	0.018486300747336832
10.605	0.01805090766074878
10.61	0.017661155173799584
10.615	0.017269172721566677
10.62	0.016864839391531033
10.625	0.0164638852312981
10.63	0.016019094469118023
10.635	0.01555515486380041
10.64	0.015046502703220634
10.645	0.014517836525154315
10.65	0.01402420350131234
10.655	0.013574219949667395
10.66	0.013165748745421235
10.665	0.012789285264139619
10.67	0.012502197810996001
10.675	0.012229696765741807
10.68	0.01197351129079427
10.685	0.011726216888686036
10.69	0.011427669310012434
10.695	0.011095895614778771
10.7	0.010717068861265878
10.705	0.01035086898900398
10.71	0.009981324138210153
10.715	0.009612996057362513
10.72	0.00931073642603831
10.725	0.009052909941121052
10.73	0.008827613059816686
10.735	0.008603802959511412
10.74	0.008408477880136893
10.745	0.008216001909238524
10.75	0.008039289113019493
10.755	0.007853799250649659
10.76	0.007692608915924415
10.765	0.007526144209720489
10.77	0.0073677241474405025
10.775	0.007185804573383536
10.78	0.006994370810765266
10.785	0.006760856054901196
10.79	0.006534309680267991
10.795	0.006293854572834399
10.8	0.006071488055004332
10.805	0.005823239237109972
10.81	0.005597488556829676
10.815	0.005372043528331125
10.82	0.0051711602549579395
10.825	0.0049858717453085295
10.83	0.004816684821488005
10.835	0.0046778784802081
10.84	0.004572059615907323
10.845	0.004499873787934942
10.85	0.004417833448977842
10.855	0.004336523520500717
10.86	0.0042373230862810364
10.865	0.0041122099077448016
10.87	0.003985953116953072
10.875	0.0038388202435322458
10.88	0.003700068677340755
10.885	0.003573963665527341
10.89	0.0034590578445417375
10.895	0.003370486629017452
10.9	0.003281663887210106
10.905	0.0032158734627420675
10.91	0.003142312320007286
10.915	0.00308184154347801
10.92	0.003011620366162077
10.925	0.0029376554154988566
10.93	0.0028485050392887045
10.935	0.002746880308922274
10.94	0.0026382975820032463
10.945	0.0025163033013597337
10.95	0.00238636884238995
10.955	0.0022783113892535195
10.96	0.0021791196885759534
10.965	0.0021075175711752383
10.97	0.0020555141041793553
10.975	0.002026474376423031
10.98	0.002007311298292309
10.985	0.0019742493486132845
10.99	0.0019460042679552549
10.995	0.001901098531078447
11.0	0.0018584432165175255
11.005	0.0018170657998829477
11.01	0.0017747838017649804
11.015	0.001746749502166242
11.02	0.0017057316518576992
11.025	0.0016651333459035275
11.03	0.0016043900017449443
11.035	0.0015284433242681197
11.04	0.001440094192527407
11.045	0.0013383264049266837
11.05	0.001248598497795975
11.055	0.0011689255817766062
11.06	0.0011227143112092497
11.065	0.0010808859693330123
11.07	0.0010523359028746851
11.075	0.0010334544362712733
11.08	0.001014094160756092
11.085	0.000987022201021848
11.09	0.0009600990583749964
11.095	0.0009293917457544271
11.1	0.0008909904912771109
11.105	0.0008525856693051284
11.11	0.0008262898504528166
11.115	0.0007937153163209371
11.12	0.0007571163727976744
11.125	0.0007241280029554785
11.13	0.0006942965965799035
11.135	0.00066703950319954
11.14	0.0006408069479143904
11.145	0.0006181804051661656
11.15	0.0006046852470930424
11.155	0.0005967191178844179
11.16	0.0005947409368279121
11.165	0.0005992423624264563
11.17	0.000600815378317258
11.175	0.0006013752782828603
11.18	0.0006002381602792071
11.185	0.0005886648005177009
11.19	0.000562264317185255
11.195	0.00052764231603885
11.2	0.0004836344748595966
11.205	0.0004410280818549077
11.21	0.0003981954823538685
11.215	0.00035883132423672595
11.22	0.00032813077801113527
11.225	0.00030701993575525086
11.23	0.000292918501292469
11.235	0.000287126583946444
11.24	0.0002808383839099
11.245	0.0002788527449503328
11.25	0.0002714898535585351
11.255	0.0002585173724017505
11.26	0.00024497082297994207
11.265	0.00022837452205326958
11.27	0.00020670901294055652
11.275	0.0001863159040160358
11.28	0.00017191200051228146
11.285	0.00015953663188778344
11.29	0.00015334180482322045
11.295	0.00015147235091288367
11.3	0.00015191661633221325
11.305	0.0001562587578138329
11.31	0.00015615821790634734
11.315	0.00016075506444297692
11.32	0.0001642892631741778
11.325	0.00016378171233217423
11.33	0.0001627485902235649
11.335	0.0001637379801750269
11.34	0.00016209340794343008
11.345	0.00015618786172991238
11.35	0.00015178125347782413
11.355	0.00014500656438857715
11.36	0.00013611414016579084
11.365	0.00013008498201764145
11.37	0.00012497828111032933
11.375	0.00012397102549790097
11.38	0.00012020205102411036
11.385	0.00011883509039750801
11.39	0.00011555988120313171
11.395	0.00011075866901862019
11.4	0.00010259229808967112
11.405	9.264058381034566e-05
11.41	8.356560886992382e-05
11.415	7.44539057618483e-05
11.42	6.766983881570774e-05
11.425	6.538538616295074e-05
11.43	6.385757578808032e-05
11.435	6.34039940346201e-05
11.44	6.441680157857693e-05
11.445	6.672751355405692e-05
11.45	6.788095388422425e-05
11.455	6.981326992889421e-05
11.46	7.071761172033623e-05
11.465	7.14051551753063e-05
11.47	7.146919009224556e-05
11.475	6.757713955068957e-05
11.48	6.29998542803361e-05
11.485	5.6609466579846e-05
11.49	4.993798743555944e-05
11.495	4.439312347213394e-05
11.5	4.169537907111313e-05
11.505	4.010572353690521e-05
11.51	4.277314228571398e-05
11.515	4.664013389423792e-05
11.52	5.2150330340336344e-05
11.525	5.660224259005559e-05
11.53	5.8711418836167104e-05
11.535	5.922668208557129e-05
11.54	5.700823084518381e-05
11.545	5.1514990798949967e-05
11.55	4.508327195046981e-05
11.555	3.8495593820422105e-05
11.56	3.21271075943212e-05
11.565	2.6617599419456514e-05
11.57	2.3153545345193815e-05
11.575	1.9673311654888182e-05
11.58	1.90976138968317e-05
11.585	1.681414433852239e-05
11.59	1.640174670279303e-05
11.595	1.5472729645792804e-05
11.6	1.43825454221538e-05
11.605	1.4275858027041725e-05
11.61	1.4098262628341869e-05
11.615	1.3950950618093381e-05
11.62	1.4098262628341869e-05
11.625	1.4275858027041723e-05
11.63	1.43825454221538e-05
11.635	1.4599676368886995e-05
11.64	1.4793165719546337e-05
11.645	1.4162042655799841e-05
11.65	1.4299568226364768e-05
11.655	1.287659174316467e-05
11.66	1.173044373943125e-05
11.665	1.0477608340585753e-05
11.67	9.42627139374634e-06
11.675	8.584056292293383e-06
11.68	7.324092917318078e-06
11.685	6.10242203214088e-06
11.69	5.165588727777098e-06
11.695	4.785806605837412e-06
11.7	4.260682665969243e-06
11.705	4.260682665969243e-06
11.71	4.785806605837412e-06
11.715	5.165588727777098e-06
11.72	6.975475309046691e-06
11.725	9.8179662421001e-06
11.73	1.1994235882056537e-05
11.735	1.4419724417705984e-05
11.74	1.6958700396753188e-05
11.745	1.9158115965666837e-05
11.75	2.0350012660353912e-05
11.755	2.0841043001923e-05
11.76	1.906456174771874e-05
11.765	1.6968447262457557e-05
11.77	1.444521335169864e-05
11.775	1.2115552072021075e-05
11.78	1.0215187476239795e-05
11.785	8.209385258853408e-06
11.79	6.10242203214088e-06
11.795	5.165588727777098e-06
11.8	3.912753328931602e-06
