# Age (1.0e+03yr)	Probability
8.02	0.00023840905385675846
8.025	0.00032335601719851346
8.03	0.0004082051739979343
8.035	0.0004842500929632315
8.04	0.0005465127265684876
8.045	0.000588636085767984
8.05	0.0006161721846423899
8.055	0.0006307678759711386
8.06	0.0006364492703803061
8.065	0.0006438914295964804
8.07	0.0006499985275645062
8.075	0.00066375860805334
8.08	0.0006859919534854241
8.085	0.0007052556622312541
8.09	0.0007306354801408433
8.095	0.0007518954371137327
8.1	0.0007783063384326593
8.105	0.000805172594315069
8.11	0.0008409623706296652
8.115	0.0008784663522366091
8.12	0.0009226554788037397
8.125	0.0009727277903776975
8.13	0.0010194294842681701
8.135	0.0010718106449780253
8.14	0.001120356538361656
8.145	0.0011641846817567918
8.15	0.0012028243866193053
8.155	0.0012328795325111904
8.16	0.0012635505143983401
8.165	0.0013040582349344084
8.17	0.0013388879675615124
8.175	0.0013839482333068318
8.18	0.001449590569588653
8.185	0.0015368199144789845
8.19	0.0016295053493735505
8.195	0.001732430156114303
8.2	0.0018397571522662244
8.205	0.0019353519524894934
8.21	0.002012809081200756
8.215	0.0020593535462590856
8.22	0.0020863634984816352
8.225	0.0021005132875909984
8.23	0.002097974040854553
8.235	0.002089596643828487
8.24	0.0020916594527061317
8.245	0.0021012916528802567
8.25	0.002130157154502477
8.255	0.002189989548398749
8.26	0.0022531793356223183
8.265	0.0023335062485921165
8.27	0.0024349546580501053
8.275	0.0025337608371137073
8.28	0.002651385584311861
8.285	0.0027493639821498466
8.29	0.0028414902484474873
8.295	0.002940608300018677
8.3	0.0030521005450916835
8.305	0.0031493484773157956
8.31	0.0032423982523897697
8.315	0.0033464630910606157
8.32	0.003459977921653364
8.325	0.0035728467042777786
8.33	0.0036856976797359883
8.335	0.0037925744032647523
8.34	0.003922497423730181
8.345	0.004055782238629928
8.35	0.00422489609878463
8.355	0.004400404769375807
8.36	0.004572730795412157
8.365	0.00475431703951204
8.37	0.004935358733620831
8.375	0.005099284789747896
8.38	0.0052363156222243286
8.385	0.005353382603687752
8.39	0.005477555286487975
8.395	0.00558744735860276
8.4	0.005694115625091475
8.405	0.005795507649494464
8.41	0.0059090092345266566
8.415	0.006033530719883048
8.42	0.006182425637518608
8.425	0.006333703842135685
8.43	0.006509470304253937
8.435	0.006684257952504288
8.44	0.006884673166150829
8.445	0.00704825331033306
8.45	0.007180043791670412
8.455	0.007295671928001252
8.46	0.007434246628448029
8.465	0.0076010930114705074
8.47	0.007834594076115158
8.475	0.008143878031596403
8.48	0.008476130636167574
8.485	0.008837403527171177
8.49	0.00921738226369929
8.495	0.009519389007649402
8.5	0.009774621969634295
8.505	0.009967934462544516
8.51	0.010137812092911461
8.515	0.010328615143857446
8.52	0.010544126314834904
8.525	0.010820224734984289
8.53	0.01114481230975917
8.535	0.011509136481332923
8.54	0.011890719083141484
8.545	0.01230058157228764
8.55	0.012698753171870034
8.555	0.013095861737646807
8.56	0.013470811099560116
8.565	0.013850772793482317
8.57	0.014193288461072366
8.575	0.014537346318072127
8.58	0.0148583757596794
8.585	0.015171228027159027
8.59	0.015475353182877091
8.595	0.015797448978565415
8.6	0.016079020185956434
8.605	0.01640728155937329
8.61	0.016761268700435053
8.615	0.01710097435697253
8.62	0.017446582552280848
8.625	0.01788715222255352
8.63	0.018341092193723853
8.635	0.01888788297406335
8.64	0.019429445465505558
8.645	0.01998427408904925
8.65	0.020509991196513096
8.655	0.02101267411926453
8.66	0.02153299931121492
8.665	0.0220771437257414
8.67	0.02259939913251115
8.675	0.023197354498672888
8.68	0.023863895196069223
8.685	0.02459160220052904
8.69	0.02527039396968765
8.695	0.025931164433595107
8.7	0.02651458295440643
8.705	0.02709550796634175
8.71	0.027606873078724743
8.715	0.028169664251705567
8.72	0.028729179666354736
8.725	0.02931721319778745
8.73	0.029941651601391187
8.735	0.030588234946613026
8.74	0.031225337135986575
8.745	0.03187617621583455
8.75	0.03255625997320345
8.755	0.033218353542621655
8.76	0.0339107003344767
8.765	0.034658216995551924
8.77	0.03537719538722848
8.775	0.03609201632148589
8.78	0.03675261490685695
8.785	0.03742741837065998
8.79	0.03801690333539151
8.795	0.03863078961535246
8.8	0.039289473239215375
8.805	0.039924281414172674
8.81	0.04067072958840762
8.815	0.04146515897468108
8.82	0.042399687551429685
8.825	0.04327212466115848
8.83	0.044232272925558265
8.835	0.045239785012579074
8.84	0.04621751014470946
8.845	0.04717184668841822
8.85	0.04804396700785007
8.855	0.048942962753163434
8.86	0.049837761151252956
8.865	0.05083481872363117
8.87	0.05190212238933105
8.875	0.05308213546601949
8.88	0.05436978617187456
8.885	0.055839117000241335
8.89	0.05739841947045754
8.895	0.058920820444212235
8.9	0.06040250405548701
8.905	0.061742566518734485
8.91	0.06294702084433315
8.915	0.06401701116514673
8.92	0.06492581130250243
8.925	0.0657043689498822
8.93	0.0664372712232657
8.935	0.0671489847100568
8.94	0.0678882185803139
8.945	0.06873349533447869
8.95	0.06962641408612998
8.955	0.07065951393536957
8.96	0.0717729450868205
8.965	0.07303722209852948
8.97	0.0743779378820062
8.975	0.07580356745261908
8.98	0.07735728697513554
8.985	0.07899109853934239
8.99	0.0807486973952857
8.995	0.0825617515622252
9.0	0.0845969547869346
9.005	0.08667002604688413
9.01	0.08883616832547243
9.015	0.0909075576852617
9.02	0.09296721305768933
9.025	0.09476704319158662
9.03	0.09645016411618842
9.035	0.09804641243830532
9.04	0.09946662927194949
9.045	0.10084876120284532
9.05	0.10238281656028424
9.055	0.1039925677499584
9.06	0.10566076212563781
9.065	0.10744239831102036
9.07	0.10921290459502692
9.075	0.11096602477793983
9.08	0.11270264897165094
9.085	0.1142919277716065
9.09	0.11596304209009849
9.095	0.11761715093796231
9.1	0.11931596916002409
9.105	0.12108112461792209
9.11	0.12301669870469462
9.115	0.12493171463912406
9.12	0.12692223442720652
9.125	0.12903570917116783
9.13	0.13098856091521857
9.135	0.13312087814664547
9.14	0.13517172232400299
9.145	0.13729537444435122
9.15	0.13954959543010706
9.155	0.1417652596146538
9.16	0.14400418452099994
9.165	0.14630726611927022
9.17	0.14856698927766104
9.175	0.15066795385115073
9.18	0.15276270242638748
9.185	0.15487964391271994
9.19	0.15690882030745198
9.195	0.15912852559377963
9.2	0.1615669373140775
9.205	0.1642470980452511
9.21	0.16697647673583416
9.215	0.16975904946204956
9.22	0.17263614921290849
9.225	0.1755265507937409
9.23	0.17838830857129337
9.235	0.1812521628605982
9.24	0.18412231225214348
9.245	0.1871195335203637
9.25	0.19011705961119682
9.255	0.19298550374214685
9.26	0.19592692696270048
9.265	0.198479661632112
9.27	0.20081742999691532
9.275	0.20312405119726787
9.28	0.2054244254580877
9.285	0.20766741621593507
9.29	0.2097028945118224
9.295	0.2119116378934645
9.3	0.2142846681791758
9.305	0.21685033574486615
9.31	0.21940467861908722
9.315	0.22208101597614854
9.32	0.2250675559157569
9.325	0.22803283935571234
9.33	0.23105174484253066
9.335	0.23417841513943652
9.34	0.23696307920790174
9.345	0.23972228071829324
9.35	0.24242843691015228
9.355	0.2450745874224835
9.36	0.24763577538253448
9.365	0.25034244386544646
9.37	0.2530630969970347
9.375	0.25614458034225845
9.38	0.2592858392312754
9.385	0.2623375407106164
9.39	0.2656164429668872
9.395	0.26903375827386183
9.4	0.2721909764667135
9.405	0.27517727575216083
9.41	0.2782258698608792
9.415	0.28123506902063694
9.42	0.2845335068244819
9.425	0.2878402280578213
9.43	0.2912457639274836
9.435	0.29457973769090423
9.44	0.2978228383961
9.445	0.3012259636701333
9.45	0.304079433626087
9.455	0.30686414916949495
9.46	0.3095296410009376
9.465	0.31249207297351156
9.47	0.31571489521361157
9.475	0.31914664871228415
9.48	0.32290653057245045
9.485	0.32679326374338735
9.49	0.33070894329745126
9.495	0.33478383189412336
9.5	0.33905478595747374
9.505	0.3432019267530561
9.51	0.3474925835539075
9.515	0.35215399686526905
9.52	0.35667484237492736
9.525	0.361446301913494
9.53	0.36565281238959857
9.535	0.36962744044932294
9.54	0.3730143369030681
9.545	0.3760114658913063
9.55	0.37865803432609013
9.555	0.3813177576555456
9.56	0.38412007218310545
9.565	0.38712400429501015
9.57	0.3906358743591727
9.575	0.39442382125815595
9.58	0.39851235348881925
9.585	0.4026206957009491
9.59	0.40666999405650367
9.595	0.41072064434037386
9.6	0.4142733362916795
9.605	0.41757738526046984
9.61	0.42081346592328067
9.615	0.42406330612510634
9.62	0.42741924645377427
9.625	0.43105511606788177
9.63	0.4350545348279566
9.635	0.4389031498740511
9.64	0.443114475642258
9.645	0.4471802203530549
9.65	0.450723281835546
9.655	0.4539107762675476
9.66	0.45685694948212685
9.665	0.4598646103998005
9.67	0.46313560647033897
9.675	0.46642525275486946
9.68	0.4698460750880287
9.685	0.4734877672153845
9.69	0.47689985874760266
9.695	0.4802328517552062
9.7	0.48347265423173696
9.705	0.4864752465358531
9.71	0.4895920175092225
9.715	0.4931802644536215
9.72	0.4972302363600002
9.725	0.5012110611643161
9.73	0.5054556477234674
9.735	0.5094479314466287
9.74	0.5129711654626206
9.745	0.515963881293933
9.75	0.5182461626774602
9.755	0.5206186965745042
9.76	0.5229401080443286
9.765	0.5256157572764584
9.77	0.528624358079847
9.775	0.5323429726571555
9.78	0.5362475409370988
9.785	0.540600675368437
9.79	0.5452175042229731
9.795	0.5495200715375296
9.8	0.5535750403744322
9.805	0.5577369647112782
9.81	0.5615573805813818
9.815	0.5652932713930612
9.82	0.5685040844227329
9.825	0.5716346150059622
9.83	0.5746924664170314
9.835	0.5779364001664794
9.84	0.581082621188914
9.845	0.584209539620624
9.85	0.5872799642110422
9.855	0.5901016023458519
9.86	0.5925827783757686
9.865	0.5946570575930789
9.87	0.5960799314218391
9.875	0.5972707129568534
9.88	0.5985621991202943
9.885	0.6000699358272944
9.89	0.6020095515004873
9.895	0.6042408145590595
9.9	0.6073001951412439
9.905	0.6108334310378718
9.91	0.6144097610160035
9.915	0.6176905602769397
9.92	0.6207386743172784
9.925	0.6233440927536581
9.93	0.6251109762033087
9.935	0.6266748045129281
9.94	0.6279420330220467
9.945	0.6292336748568681
9.95	0.6308794978721135
9.955	0.633105617056777
9.96	0.6361671834973645
9.965	0.6390395140333937
9.97	0.6424922174006739
9.975	0.6460802716749872
9.98	0.6490689255152716
9.985	0.6520323561976747
9.99	0.6542861418552878
9.995	0.6564754354135605
10.0	0.6585139617745601
10.005	0.6601911328774915
10.01	0.6617922067432157
10.015	0.6629186999302621
10.02	0.6640157491346763
10.025	0.6643137880629949
10.03	0.664875940106737
10.035	0.6652277660464075
10.04	0.6655383543540724
10.045	0.6663678281262818
10.05	0.6673984832548903
10.055	0.6690388874878097
10.06	0.6706730887671501
10.065	0.6718532310158332
10.07	0.6730120026867596
10.075	0.6733922094573349
10.08	0.6734274359093758
10.085	0.6729205352643446
10.09	0.6726358010679852
10.095	0.6722689763731748
10.1	0.6720953872796911
10.105	0.6725385791009781
10.11	0.6731452127715839
10.115	0.6736656009185544
10.12	0.6742694811471068
10.125	0.675041981791493
10.13	0.6757706372056232
10.135	0.6766020764919191
10.14	0.6779092998498226
10.145	0.679785456149559
10.15	0.6821440328046057
10.155	0.6851865694525113
10.16	0.688391722798158
10.165	0.6919081812104309
10.17	0.6947275930014217
10.175	0.696924943975755
10.18	0.6983329275271527
10.185	0.698622227859615
10.19	0.6975150205893375
10.195	0.6957423202468173
10.2	0.6935081862291257
10.205	0.691301131863341
10.21	0.688989557292342
10.215	0.6871285701013947
10.22	0.6857098298020702
10.225	0.6847626715910058
10.23	0.6839053808676618
10.235	0.6837393158459826
10.24	0.6835443629297759
10.245	0.683472319312309
10.25	0.6831926844662369
10.255	0.6832058768473779
10.26	0.6826031780159242
10.265	0.6817883872959923
10.27	0.6803731794153282
10.275	0.6792015021861575
10.28	0.678084777802543
10.285	0.6770109833946288
10.29	0.6762344577077631
10.295	0.6757296457890349
10.3	0.6754063160326561
10.305	0.6751745671270167
10.31	0.674905574470236
10.315	0.6742821124406465
10.32	0.6732270114700537
10.325	0.6721324386253379
10.33	0.6703812178961099
10.335	0.6684651556963894
10.34	0.6659084435055534
10.345	0.6630234027542292
10.35	0.6600893446509967
10.355	0.6569861701366915
10.36	0.6540616247490121
10.365	0.6512170106940598
10.37	0.6486040011019188
10.375	0.6462130632240718
10.38	0.6442573432264789
10.385	0.6425173274444301
10.39	0.6407542750114994
10.395	0.6395981412314816
10.4	0.6383987800657693
10.405	0.6373021285434015
10.41	0.6355782967512204
10.415	0.6334803087410948
10.42	0.6308319818045862
10.425	0.6277493307074058
10.43	0.6244946228061485
10.435	0.6212733230751103
10.44	0.6181034528742437
10.445	0.6156371299034387
10.45	0.6133970722918529
10.455	0.6123264378177359
10.46	0.6113493712968078
10.465	0.6110029989491876
10.47	0.6105266316778948
10.475	0.6101782000095998
10.48	0.6095415980995336
10.485	0.6082778280307612
10.49	0.6064331711172131
10.495	0.6035704405077801
10.5	0.6001686459985293
10.505	0.5963343775627177
10.51	0.5917539717639895
10.515	0.5871568352136595
10.52	0.5821473399344606
10.525	0.5775482564245317
10.53	0.5729788907364379
10.535	0.5688483547089582
10.54	0.5654324643794313
10.545	0.5622199010795264
10.55	0.5596501524282291
10.555	0.5571310258079846
10.56	0.5545908061990189
10.565	0.5518217751963277
10.57	0.5483104593635435
10.575	0.5446566353549567
10.58	0.5406837334543813
10.585	0.5365993411691996
10.59	0.5328161576255075
10.595	0.5295407791967599
10.6	0.5269781663517566
10.605	0.524679457693756
10.61	0.5229506331690686
10.615	0.5209141161709622
10.62	0.518564308982409
10.625	0.5157103607630988
10.63	0.5122033694429783
10.635	0.5084623647602563
10.64	0.5043645354639076
10.645	0.5003911977917959
10.65	0.49632503128464983
10.655	0.49216892323818023
10.66	0.488141203348615
10.665	0.4840521666045845
10.67	0.4796337203013156
10.675	0.4751997759880063
10.68	0.47118164259509165
10.685	0.46726784734249005
10.69	0.4637445884660763
10.695	0.46067176759861644
10.7	0.4581853358003757
10.705	0.4556039906656394
10.71	0.45300446051489623
10.715	0.4504044775748021
10.72	0.44767963880372313
10.725	0.44450790109672056
10.73	0.4407410648956614
10.735	0.4367177556130964
10.74	0.43216641377358833
10.745	0.42720131432225916
10.75	0.4223666648645977
10.755	0.4175639164637166
10.76	0.41307456862741077
10.765	0.4091727562685256
10.77	0.4060430238003654
10.775	0.4031278682452836
10.78	0.4005910222664125
10.785	0.3977742374064357
10.79	0.3948994654002566
10.795	0.3920162111509887
10.8	0.38887632492313706
10.805	0.3856859148690015
10.81	0.382537113880911
10.815	0.3795007826341434
10.82	0.3767407424219873
10.825	0.37374533761206286
10.83	0.3706638953187759
10.835	0.3674071111271027
10.84	0.3640276521013966
10.845	0.3602338727284371
10.85	0.35640752397393693
10.855	0.35262695057878857
10.86	0.3487878304356049
10.865	0.3449699598561987
10.87	0.3413843968451007
10.875	0.337921370492557
10.88	0.33447031293294444
10.885	0.33083020621328413
10.89	0.32720888626926975
10.895	0.32343095604966143
10.9	0.3198538403771211
10.905	0.31621385891576936
10.91	0.3130454424561952
10.915	0.31004997908717286
10.92	0.30712714007213565
10.925	0.304507676016065
10.93	0.3019266548507924
10.935	0.298959133838625
10.94	0.2957547282904773
10.945	0.2922042245983095
10.95	0.2887437670495802
10.955	0.28526318795253286
10.96	0.28199507436739507
10.965	0.2788062889552291
10.97	0.275970399996303
10.975	0.2730625720393887
10.98	0.2704358538743683
10.985	0.2676091729438537
10.99	0.26443406788714835
10.995	0.26097883800146443
11.0	0.2574160943770394
11.005	0.25364028836304525
11.01	0.2499956513575952
11.015	0.2461304904534983
11.02	0.2427420429247316
11.025	0.2391018798159252
11.03	0.23569649516426805
11.035	0.23251934413666167
11.04	0.22960710682346766
11.045	0.22652974110998655
11.05	0.22373594579106756
11.055	0.2211030172096689
11.06	0.21864518768099275
11.065	0.21605528204743307
11.07	0.21352672905050268
11.075	0.21076338465195169
11.08	0.20785828756001692
11.085	0.20469602654944247
11.09	0.2018254662884596
11.095	0.19901683439453516
11.1	0.19637528405692065
11.105	0.19397434391085855
11.11	0.19212234634158315
11.115	0.19026344923758887
11.12	0.18827280152256132
11.125	0.1861086826337633
11.13	0.18370316565946537
11.135	0.18082658299896948
11.14	0.17768268760181077
11.145	0.17454903806116298
11.15	0.1715201067816561
11.155	0.16894139456612947
11.16	0.16661345222733637
11.165	0.16480677555485845
11.17	0.16323400001408375
11.175	0.16171447733716268
11.18	0.1599230189558533
11.185	0.15784412683149548
11.19	0.15544151564746297
11.195	0.152907410590153
11.2	0.1504931824749145
11.205	0.14812493571234545
11.21	0.14612312017858636
11.215	0.14436722332204327
11.22	0.14270920988859795
11.225	0.1410139749591281
11.23	0.1390022052609719
11.235	0.13663162930188721
11.24	0.13378171388696874
11.245	0.13100228234705086
11.25	0.12799708844642854
11.255	0.12520722504067244
11.26	0.1226513683081158
11.265	0.12042606326559123
11.27	0.11863085678025052
11.275	0.1170222711607072
11.28	0.11569224280295166
11.285	0.114457272516945
11.29	0.11321744564082305
11.295	0.1117978979809932
11.3	0.11031279397109596
11.305	0.10859925221300529
11.31	0.10664504720403489
11.315	0.10464921539670279
11.32	0.10246204931873502
11.325	0.10055333050852781
11.33	0.09873469350151348
11.335	0.0970271496137895
11.34	0.09557692577970825
11.345	0.09428755437132535
11.35	0.0930953082670527
11.355	0.09184698188766258
11.36	0.09071214684372506
11.365	0.08951037944014954
11.37	0.08839756285372954
11.375	0.08708106504164198
11.38	0.08569782231084673
11.385	0.08421013845322481
11.39	0.08251625177346344
11.395	0.08075908218331569
11.4	0.07898958403020596
11.405	0.0771761247028665
11.41	0.07548961841745379
11.415	0.07412146832704623
11.42	0.0730359243158446
11.425	0.07203930388830058
11.43	0.07122928413215367
11.435	0.07045354183776276
11.44	0.06966959895291176
11.445	0.06877353146141696
11.45	0.06774859032008841
11.455	0.06661082856293418
11.46	0.06538511062364871
11.465	0.06405125226307211
11.47	0.0627030617441156
11.475	0.06143782145152447
11.48	0.060131212958167896
11.485	0.05897928489397734
11.49	0.057932207574626846
11.495	0.05685466694622703
11.5	0.0558494232810631
11.505	0.054870986070443786
11.51	0.05377648485511816
11.515	0.052695676380640474
11.52	0.05152006467233229
11.525	0.05036183747889167
11.53	0.04920690328051661
11.535	0.048120786008416364
11.54	0.04706941441972514
11.545	0.04616139597292243
11.55	0.04521708941088939
11.555	0.04432406055968282
11.56	0.04347993191750126
11.565	0.04269216917989281
11.57	0.04195821188119374
11.575	0.041244175764203105
11.58	0.0406121941551122
11.585	0.04007116289549778
11.59	0.039572287137227276
11.595	0.03907977968674495
11.6	0.038505711469236
11.605	0.03786424499430976
11.61	0.037106440176703635
11.615	0.03631770831492641
11.62	0.035495858885909955
11.625	0.034702437277179
11.63	0.03388440722146191
11.635	0.033151410039207255
11.64	0.032485812382430215
11.645	0.03181070844777561
11.65	0.031168520754756734
11.655	0.030554305330299892
11.66	0.02995464237059195
11.665	0.029417002069172055
11.67	0.028945039649266632
11.675	0.028466651614224018
11.68	0.028004434440777926
11.685	0.027485241702837344
11.69	0.026942452071116847
11.695	0.02634817772034516
11.7	0.02571180628085751
11.705	0.025045542538433628
11.71	0.024325792258997128
11.715	0.02367291750855218
11.72	0.023027870714006336
11.725	0.022452629963205562
11.73	0.021926688935894386
11.735	0.021509381498195132
11.74	0.021183713095754397
11.745	0.02093767100205796
11.75	0.020751478752513288
11.755	0.020558613542591128
11.76	0.020340121489481118
11.765	0.02008089381542347
11.77	0.019772331365454882
11.775	0.01938808519561707
11.78	0.01893880055967058
11.785	0.01849313628890599
11.79	0.018008188633244583
11.795	0.01750251173881149
11.8	0.016999365084072664
11.805	0.0165243347447718
11.81	0.016077382347588456
11.815	0.01569472998712392
11.82	0.01533566712556739
11.825	0.015039401603343655
11.83	0.01476107930862612
11.835	0.01451039141082355
11.84	0.014282112246590626
11.845	0.014002553103010696
11.85	0.013673717199826463
11.855	0.013324807416859777
11.86	0.012952569717282989
11.865	0.012571788341985054
11.87	0.012181922208610458
11.875	0.011770741087118354
11.88	0.01143333449252384
11.885	0.0111360942564867
11.89	0.010900719077999154
11.895	0.010706968730197506
11.9	0.010586358311951316
11.905	0.0104599372876388
11.91	0.010359056866169836
11.915	0.010261092775937064
11.92	0.010157711036015834
11.925	0.010014436440862985
11.93	0.00985526559915835
11.935	0.009736740638329125
11.94	0.009606922523146278
11.945	0.009453777256567328
11.95	0.009324113647790316
11.955	0.00914840035686853
11.96	0.008972921325901448
11.965	0.008725447198497965
11.97	0.008496489704367623
11.975	0.00825087902391462
11.98	0.007963345212257455
11.985	0.007693805425183605
11.99	0.007435121328532479
11.995	0.0072045056438469115
12.0	0.006966550189680303
12.005	0.006778103365064353
12.01	0.006600421389435779
12.015	0.006456314715781924
12.02	0.006360168260368365
12.025	0.006267001943845783
12.03	0.006180275692246934
12.035	0.006058812101336561
12.04	0.005913490639399593
12.045	0.005758395656237649
12.05	0.00558457357753421
12.055	0.005393982735550621
12.06	0.005191039254680401
12.065	0.005033305889746335
12.07	0.004907361148702961
12.075	0.004811102364375821
12.08	0.00473338529875724
12.085	0.004654518882672674
12.09	0.004593932066427484
12.095	0.004505151440164865
12.1	0.004398671941383862
12.105	0.004254495945657772
12.11	0.004111201294737884
12.115	0.003941819021538885
12.12	0.003778088320941142
12.125	0.003628013821175914
12.13	0.003471672325904998
12.135	0.003349787054141686
12.14	0.0032534096964013494
12.145	0.0031729028931417364
12.15	0.003110725095657093
12.155	0.0030642710798312973
12.16	0.0030589734149853304
12.165	0.00305604898836683
12.17	0.0030549092883997704
12.175	0.0030240031398320265
12.18	0.002990153705505192
12.185	0.0029234811944135967
12.19	0.002842513676789382
12.195	0.0027257765135017603
12.2	0.002582412353677138
12.205	0.002441531310152733
12.21	0.0023203466439205398
12.215	0.0022214251148192916
12.22	0.0021414243489232226
12.225	0.002087429484689621
12.23	0.002064829969133096
12.235	0.0020554306309801163
12.24	0.0020555102374766833
12.245	0.002039359799331714
12.25	0.0020164083446276267
12.255	0.0019619547293233757
12.26	0.001912679988109581
12.265	0.0018432871044544903
12.27	0.001773139081301079
12.275	0.0017195119863225774
12.28	0.0016714213914316644
12.285	0.0016292835002622871
12.29	0.0015922037201520876
12.295	0.001552144961952327
12.3	0.0015051454546975063
12.305	0.0014463345835957976
12.31	0.001375477191429968
12.315	0.001293845102751339
12.32	0.001224641681162487
12.325	0.0011595589047959664
12.33	0.0011352916017793213
12.335	0.001121521815826396
12.34	0.0011265830571052543
12.345	0.001147662023487711
12.35	0.0011769506351090658
12.355	0.0011919917828542362
12.36	0.0011901691995135342
12.365	0.0011684962569292025
12.37	0.0011271237965201583
12.375	0.0010737691402799602
12.38	0.0010083671069249021
12.385	0.0009388505656975891
12.39	0.0008894689327040577
12.395	0.0008322848118640266
12.4	0.0007890494703115635
12.405	0.0007600011277299533
12.41	0.0007364192407963714
12.415	0.0007173869397622713
12.42	0.0007095242773311735
12.425	0.00070314609740561
12.43	0.0006986760171545882
12.435	0.0006986245656107837
12.44	0.0007000480325222711
12.445	0.000701268625304037
12.45	0.0006982871847120292
12.455	0.0006900878367957869
12.46	0.0006789440326669257
12.465	0.0006583958940298123
12.47	0.0006226626790549203
12.475	0.0005884277620640994
12.48	0.0005487759718035761
12.485	0.0005015828075535155
12.49	0.0004622795921420822
12.495	0.0004316267386402392
12.5	0.00040640108972559455
12.505	0.0004006823335680349
12.51	0.00040477674518817633
12.515	0.0004130032695072149
12.52	0.0004209463806738111
12.525	0.0004319420933383479
12.53	0.0004322536631726547
12.535	0.00041939964678151066
12.54	0.0003990067572237175
12.545	0.0003770282685844996
12.55	0.00035753552454364574
12.555	0.0003417573134740586
12.56	0.00033286330017251735
12.565	0.0003367781723499931
12.57	0.0003369181893809015
12.575	0.0003422826786871644
12.58	0.0003406840543320095
12.585	0.00033456802687590134
12.59	0.0003181772343304164
12.595	0.000296529047516069
12.6	0.00027642858940451814
12.605	0.000254711711415769
12.61	0.00023675317294405312
12.615	0.00022102858844886793
12.62	0.0002074019797195204
12.625	0.00019456470512372752
12.63	0.0001787067532615142
12.635	0.00016425892523986912
12.64	0.0001516790293349131
12.645	0.00014030874633856513
12.65	0.0001317623140679413
12.655	0.00013418061190586538
12.66	0.00014507302509078935
12.665	0.00015941785300161457
12.67	0.00017363720723751356
12.675	0.00018978609871264242
12.68	0.0001995826909596108
12.685	0.0001989611343753327
12.69	0.00018841712826252188
12.695	0.0001689601584238647
12.7	0.00014410646976779806
12.705	0.00011244546072949684
12.71	8.455969091283666e-05
12.715	5.929612228091738e-05
